40003600040021107123012017000000011550030574800000061101600009999902740121001126   
40003600040021107123012017000000138600051407800000061181600009999902740121001126   
40003600040021107123012017000000046200051468900000061201600009999902740121001126   
40003600040021107123012017000000138600051407700000061231600009999902740121001126   
40003600040021107123012017000000138600051407900000061451600009999902740121001126   
40003600040021107123012017000000138600051408000000061461600009999902740121001126   
40003600040021107123012017000000138600051408100000061471600009999902740121001126   
40003600040021107123012017000000046200019305700000061501600009999902740121001126   
40003600040021107123012017000000046200019305600000061511600009999902740121001126   
40003600040021107123012017000000046200019305800000061561600009999902740121001126   
40003600040021107123012017000000046200019305900000061571600009999902740121001126   
40003600040021107123012017000000046200019306000000061581600009999902740121001126   
40003600040021107123012017000000046200051469100000061591600009999902740121001126   
40003600040021107123012017000000046200051469000000061601600009999902740121001126   
40003600040021107123012017000000046200018915700000061681600009999902740121001126   
40003600040021107123012017000000046200018915600000061711600009999902740121001126   
40003600040021107123012017000000015400030589700000061811600009999902740121001126   
40003600040021107123012017000000046200030569600000062011600009999902740121001126   
40003600040021107123012017000000015400030574600000062031600009999902740121001126   
40003600040021107123012017000000015400030574500000062041600009999902740121001126   
40003600040021107123012017000000046200018915500000062051600009999902740121001126   
40003600040021107123012017000000015400030589800000062141600009999902740121001126   
40003600040021107123012017000000015400030589900000062211600009999902740121001126   
